==========train_acc==========
[0.462890625, 0.4716796875, 0.4775390625, 0.5859375, 0.6103515625, 0.5849609375, 0.626953125, 0.5859375, 0.6083984375, 0.625]
mean: 0.56396484375
==========test_acc==========
[0.453125, 0.40234375, 0.40625, 0.4140625, 0.421875, 0.44140625, 0.453125, 0.4453125, 0.43359375, 0.44140625]
mean: 0.43125
==========classification_report==========
              precision    recall  f1-score   support

           N       0.38      0.12      0.19       696
           U       0.40      0.09      0.14       767
           P       0.44      0.87      0.58      1097

    accuracy                           0.43      2560
   macro avg       0.41      0.36      0.30      2560
weighted avg       0.41      0.43      0.34      2560

