==========train_acc==========
[0.7548076923076923, 0.7435897435897436, 0.8020833333333334, 0.75, 0.749198717948718, 0.7756410256410257, 0.719551282051282, 0.7684294871794872, 0.7564102564102564, 0.7331730769230769]
mean: 0.7552884615384615
==========test_acc==========
[0.4375, 0.75, 0.46875, 0.5, 0.59375, 0.6875, 0.53125, 0.5, 0.5, 0.53125]
mean: 0.55
==========classification_report==========
              precision    recall  f1-score   support

           N       0.47      0.41      0.44       136
           P       0.60      0.65      0.62       184

    accuracy                           0.55       320
   macro avg       0.53      0.53      0.53       320
weighted avg       0.54      0.55      0.55       320

