==========train_acc==========
[0.7003205128205128, 0.6666666666666666, 0.6754807692307693, 0.6979166666666666, 0.6995192307692307, 0.6995192307692307, 0.6658653846153846, 0.7427884615384616, 0.6690705128205128, 0.6578525641025641]
mean: 0.6874999999999999
==========test_acc==========
[0.59375, 0.5, 0.59375, 0.65625, 0.59375, 0.625, 0.40625, 0.59375, 0.6875, 0.59375]
mean: 0.584375
==========classification_report==========
              precision    recall  f1-score   support

           N       0.55      0.50      0.53       147
           P       0.61      0.65      0.63       173

    accuracy                           0.58       320
   macro avg       0.58      0.58      0.58       320
weighted avg       0.58      0.58      0.58       320

