==========train_acc==========
[0.4833984375, 0.458984375, 0.462890625, 0.5, 0.4453125, 0.4580078125, 0.462890625, 0.462890625, 0.466796875, 0.51171875]
mean: 0.4712890625
==========test_acc==========
[0.37109375, 0.40234375, 0.4453125, 0.3984375, 0.33984375, 0.375, 0.3984375, 0.43359375, 0.41015625, 0.3828125]
mean: 0.395703125
==========classification_report==========
              precision    recall  f1-score   support

           N       0.45      0.17      0.25       670
           U       0.32      0.71      0.44       770
           P       0.58      0.31      0.41      1120

    accuracy                           0.40      2560
   macro avg       0.45      0.40      0.37      2560
weighted avg       0.47      0.40      0.38      2560

