==========train_acc==========
[0.8766025641025641, 0.8790064102564102, 0.8862179487179487, 0.8830128205128205, 0.8629807692307693, 0.8725961538461539, 0.8854166666666666, 0.8974358974358975, 0.8918269230769231, 0.8790064102564102]
mean: 0.8814102564102564
==========test_acc==========
[0.65625, 0.6875, 0.59375, 0.5625, 0.625, 0.4375, 0.5625, 0.53125, 0.5625, 0.4375]
mean: 0.565625
==========classification_report==========
              precision    recall  f1-score   support

           N       0.52      0.45      0.48       145
           P       0.59      0.66      0.63       175

    accuracy                           0.57       320
   macro avg       0.56      0.56      0.55       320
weighted avg       0.56      0.57      0.56       320

