==========train_acc==========
[0.5809294871794872, 0.5136217948717948, 0.5440705128205128, 0.532051282051282, 0.5352564102564102, 0.5272435897435898, 0.5088141025641025, 0.5224358974358975, 0.5360576923076923, 0.5384615384615384]
mean: 0.5338942307692307
==========test_acc==========
[0.40625, 0.34375, 0.46875, 0.40625, 0.3125, 0.5, 0.375, 0.34375, 0.34375, 0.28125]
mean: 0.378125
==========classification_report==========
              precision    recall  f1-score   support

           N       0.31      0.29      0.30        90
           U       0.38      0.38      0.38       108
           P       0.42      0.44      0.43       122

    accuracy                           0.38       320
   macro avg       0.37      0.37      0.37       320
weighted avg       0.38      0.38      0.38       320

