==========train_acc==========
[0.7059294871794872, 0.7131410256410257, 0.6915064102564102, 0.7099358974358975, 0.6842948717948718, 0.6850961538461539, 0.6722756410256411, 0.7067307692307693, 0.686698717948718, 0.6498397435897436]
mean: 0.6905448717948718
==========test_acc==========
[0.6875, 0.53125, 0.46875, 0.4375, 0.46875, 0.53125, 0.59375, 0.5625, 0.46875, 0.59375]
mean: 0.534375
==========classification_report==========
              precision    recall  f1-score   support

           N       0.48      0.56      0.51       142
           P       0.59      0.52      0.55       178

    accuracy                           0.53       320
   macro avg       0.54      0.54      0.53       320
weighted avg       0.54      0.53      0.54       320

