==========train_acc==========
[0.646484375, 0.6953125, 0.6826171875, 0.681640625, 0.57421875, 0.70703125, 0.666015625, 0.708984375, 0.71484375, 0.6650390625]
mean: 0.67421875
==========test_acc==========
[0.60546875, 0.54296875, 0.546875, 0.5859375, 0.5390625, 0.51171875, 0.51953125, 0.578125, 0.625, 0.5546875]
mean: 0.5609375
==========classification_report==========
              precision    recall  f1-score   support

           N       0.52      0.42      0.47      1155
           P       0.59      0.67      0.63      1405

    accuracy                           0.56      2560
   macro avg       0.55      0.55      0.55      2560
weighted avg       0.56      0.56      0.55      2560

