==========train_acc==========
[0.6279296875, 0.638671875, 0.4482421875, 0.51953125, 0.48828125, 0.5849609375, 0.537109375, 0.525390625, 0.53125, 0.5869140625]
mean: 0.548828125
==========test_acc==========
[0.4609375, 0.4140625, 0.4609375, 0.40625, 0.4140625, 0.4453125, 0.41796875, 0.33203125, 0.40625, 0.40234375]
mean: 0.416015625
==========classification_report==========
              precision    recall  f1-score   support

           N       0.37      0.17      0.23       720
           U       0.33      0.24      0.28       731
           P       0.45      0.69      0.55      1109

    accuracy                           0.42      2560
   macro avg       0.38      0.37      0.35      2560
weighted avg       0.39      0.42      0.38      2560

