==========train_acc==========
[0.71875, 0.7099358974358975, 0.7027243589743589, 0.7067307692307693, 0.7099358974358975, 0.7131410256410257, 0.6939102564102564, 0.7035256410256411, 0.6995192307692307, 0.7123397435897436]
mean: 0.707051282051282
==========test_acc==========
[0.40625, 0.5, 0.4375, 0.375, 0.59375, 0.53125, 0.34375, 0.4375, 0.375, 0.375]
mean: 0.4375
==========classification_report==========
              precision    recall  f1-score   support

           N       0.49      0.25      0.33        92
           U       0.34      0.72      0.46        85
           P       0.60      0.39      0.47       143

    accuracy                           0.44       320
   macro avg       0.48      0.45      0.42       320
weighted avg       0.50      0.44      0.43       320

