==========train_acc==========
[0.7763671875, 0.697265625, 0.748046875, 0.7099609375, 0.666015625, 0.7236328125, 0.7060546875, 0.71875, 0.7099609375, 0.724609375]
mean: 0.71806640625
==========test_acc==========
[0.61328125, 0.609375, 0.62890625, 0.69921875, 0.63671875, 0.609375, 0.55859375, 0.59765625, 0.6171875, 0.6875]
mean: 0.62578125
==========classification_report==========
              precision    recall  f1-score   support

           N       0.59      0.53      0.56      1137
           P       0.65      0.71      0.68      1423

    accuracy                           0.63      2560
   macro avg       0.62      0.62      0.62      2560
weighted avg       0.62      0.63      0.62      2560

