==========train_acc==========
[0.421875, 0.421875, 0.421875, 0.4228515625, 0.431640625, 0.5048828125, 0.431640625, 0.49609375, 0.4951171875, 0.4287109375]
mean: 0.44765625
==========test_acc==========
[0.4453125, 0.4453125, 0.4453125, 0.44140625, 0.40625, 0.37109375, 0.40625, 0.40234375, 0.41015625, 0.41796875]
mean: 0.419140625
==========classification_report==========
              precision    recall  f1-score   support

           N       0.36      0.04      0.07       737
           U       0.30      0.03      0.05       744
           P       0.42      0.95      0.59      1079

    accuracy                           0.42      2560
   macro avg       0.36      0.34      0.23      2560
weighted avg       0.37      0.42      0.28      2560

