==========train_acc==========
[0.607421875, 0.619140625, 0.546875, 0.54296875, 0.6181640625, 0.5537109375, 0.623046875, 0.61328125, 0.6337890625, 0.5419921875]
mean: 0.5900390625
==========test_acc==========
[0.61328125, 0.57421875, 0.578125, 0.59375, 0.5859375, 0.55078125, 0.55078125, 0.546875, 0.51953125, 0.59765625]
mean: 0.57109375
==========classification_report==========
              precision    recall  f1-score   support

           N       0.53      0.12      0.20      1115
           P       0.58      0.92      0.71      1445

    accuracy                           0.57      2560
   macro avg       0.55      0.52      0.45      2560
weighted avg       0.56      0.57      0.49      2560

