==========train_acc==========
[0.5544871794871795, 0.530448717948718, 0.5753205128205128, 0.5705128205128205, 0.5552884615384616, 0.5809294871794872, 0.5737179487179487, 0.5608974358974359, 0.5352564102564102, 0.5360576923076923]
mean: 0.5572916666666667
==========test_acc==========
[0.375, 0.375, 0.375, 0.53125, 0.4375, 0.46875, 0.375, 0.59375, 0.53125, 0.40625]
mean: 0.446875
==========classification_report==========
              precision    recall  f1-score   support

           N       0.40      0.42      0.41        95
           U       0.39      0.37      0.38        95
           P       0.52      0.52      0.52       130

    accuracy                           0.45       320
   macro avg       0.44      0.44      0.44       320
weighted avg       0.45      0.45      0.45       320

