==========train_acc==========
[0.646484375, 0.751953125, 0.75, 0.7333984375, 0.7431640625, 0.744140625, 0.740234375, 0.767578125, 0.7685546875, 0.767578125]
mean: 0.74130859375
==========test_acc==========
[0.58984375, 0.578125, 0.609375, 0.53515625, 0.56640625, 0.57421875, 0.58984375, 0.5703125, 0.55859375, 0.54296875]
mean: 0.571484375
==========classification_report==========
              precision    recall  f1-score   support

           N       0.53      0.27      0.36      1136
           P       0.58      0.81      0.68      1424

    accuracy                           0.57      2560
   macro avg       0.56      0.54      0.52      2560
weighted avg       0.56      0.57      0.54      2560

