==========train_acc==========
[0.8100961538461539, 0.7860576923076923, 0.7708333333333334, 0.7940705128205128, 0.7756410256410257, 0.7427884615384616, 0.780448717948718, 0.7732371794871795, 0.7956730769230769, 0.7796474358974359]
mean: 0.7808493589743589
==========test_acc==========
[0.65625, 0.59375, 0.625, 0.65625, 0.78125, 0.65625, 0.71875, 0.5, 0.625, 0.53125]
mean: 0.634375
==========classification_report==========
              precision    recall  f1-score   support

           N       0.61      0.55      0.58       146
           P       0.65      0.71      0.68       174

    accuracy                           0.63       320
   macro avg       0.63      0.63      0.63       320
weighted avg       0.63      0.63      0.63       320

