==========train_acc==========
[0.673828125, 0.6826171875, 0.853515625, 0.6904296875, 0.841796875, 0.818359375, 0.8115234375, 0.7041015625, 0.8310546875, 0.69140625]
mean: 0.75986328125
==========test_acc==========
[0.64453125, 0.546875, 0.5625, 0.5390625, 0.5859375, 0.58984375, 0.5703125, 0.59765625, 0.6015625, 0.53515625]
mean: 0.57734375
==========classification_report==========
              precision    recall  f1-score   support

           N       0.55      0.33      0.41      1145
           P       0.59      0.78      0.67      1415

    accuracy                           0.58      2560
   macro avg       0.57      0.55      0.54      2560
weighted avg       0.57      0.58      0.55      2560

