==========train_acc==========
[0.2958984375, 0.3720703125, 0.2939453125, 0.2861328125, 0.2861328125, 0.3076171875, 0.2880859375, 0.2978515625, 0.375, 0.4755859375]
mean: 0.32783203125
==========test_acc==========
[0.29296875, 0.35546875, 0.30078125, 0.33203125, 0.33203125, 0.24609375, 0.32421875, 0.28515625, 0.3046875, 0.3828125]
mean: 0.315625
==========classification_report==========
              precision    recall  f1-score   support

           N       0.44      0.01      0.02       690
           U       0.30      0.97      0.46       771
           P       0.59      0.05      0.09      1099

    accuracy                           0.32      2560
   macro avg       0.44      0.34      0.19      2560
weighted avg       0.46      0.32      0.18      2560

