==========train_acc==========
[0.6698717948717948, 0.6762820512820513, 0.6746794871794872, 0.655448717948718, 0.6530448717948718, 0.6602564102564102, 0.6666666666666666, 0.6378205128205128, 0.6706730769230769, 0.7003205128205128]
mean: 0.6665064102564102
==========test_acc==========
[0.46875, 0.40625, 0.4375, 0.4375, 0.375, 0.46875, 0.4375, 0.5, 0.53125, 0.5]
mean: 0.45625
==========classification_report==========
              precision    recall  f1-score   support

           N       0.61      0.22      0.32       100
           U       0.34      0.78      0.48        89
           P       0.66      0.42      0.51       131

    accuracy                           0.46       320
   macro avg       0.54      0.47      0.44       320
weighted avg       0.56      0.46      0.44       320

