==========train_acc==========
[0.5809294871794872, 0.5176282051282052, 0.5344551282051282, 0.5200320512820513, 0.484775641025641, 0.5472756410256411, 0.5400641025641025, 0.5168269230769231, 0.5801282051282052, 0.5136217948717948]
mean: 0.533573717948718
==========test_acc==========
[0.40625, 0.40625, 0.3125, 0.375, 0.40625, 0.34375, 0.34375, 0.25, 0.4375, 0.46875]
mean: 0.375
==========classification_report==========
              precision    recall  f1-score   support

           N       0.27      0.41      0.32        74
           U       0.24      0.25      0.24        89
           P       0.58      0.43      0.49       157

    accuracy                           0.38       320
   macro avg       0.36      0.36      0.35       320
weighted avg       0.41      0.38      0.39       320

