==========train_acc==========
[0.5400641025641025, 0.594551282051282, 0.6001602564102564, 0.5472756410256411, 0.5873397435897436, 0.6001602564102564, 0.5456730769230769, 0.5248397435897436, 0.561698717948718, 0.6009615384615384]
mean: 0.5702724358974358
==========test_acc==========
[0.4375, 0.5, 0.40625, 0.375, 0.25, 0.5625, 0.3125, 0.1875, 0.25, 0.40625]
mean: 0.36875
==========classification_report==========
              precision    recall  f1-score   support

           N       0.26      0.41      0.32        78
           U       0.34      0.30      0.32        99
           P       0.52      0.39      0.45       143

    accuracy                           0.37       320
   macro avg       0.37      0.37      0.36       320
weighted avg       0.40      0.37      0.38       320

