==========train_acc==========
[0.8084935897435898, 0.8181089743589743, 0.7884615384615384, 0.7596153846153846, 0.7956730769230769, 0.7780448717948718, 0.7836538461538461, 0.7908653846153846, 0.7844551282051282, 0.7908653846153846]
mean: 0.7898237179487181
==========test_acc==========
[0.5, 0.34375, 0.59375, 0.65625, 0.3125, 0.46875, 0.375, 0.375, 0.5, 0.375]
mean: 0.45
==========classification_report==========
              precision    recall  f1-score   support

           N       0.41      0.28      0.33        87
           U       0.44      0.44      0.44        96
           P       0.47      0.57      0.51       137

    accuracy                           0.45       320
   macro avg       0.44      0.43      0.43       320
weighted avg       0.44      0.45      0.44       320

