==========train_acc==========
[0.65625, 0.6209935897435898, 0.6754807692307693, 0.625801282051282, 0.6129807692307693, 0.6690705128205128, 0.6642628205128205, 0.6626602564102564, 0.6506410256410257, 0.6634615384615384]
mean: 0.6501602564102564
==========test_acc==========
[0.59375, 0.40625, 0.46875, 0.5, 0.46875, 0.46875, 0.40625, 0.4375, 0.53125, 0.46875]
mean: 0.475
==========classification_report==========
              precision    recall  f1-score   support

           N       0.40      0.23      0.29        93
           U       0.46      0.38      0.42        98
           P       0.50      0.73      0.59       129

    accuracy                           0.47       320
   macro avg       0.45      0.44      0.43       320
weighted avg       0.46      0.47      0.45       320

