==========train_acc==========
[0.6650641025641025, 0.6786858974358975, 0.6754807692307693, 0.6594551282051282, 0.7091346153846154, 0.6642628205128205, 0.6522435897435898, 0.6842948717948718, 0.655448717948718, 0.6610576923076923]
mean: 0.6705128205128206
==========test_acc==========
[0.28125, 0.34375, 0.4375, 0.28125, 0.28125, 0.28125, 0.34375, 0.40625, 0.34375, 0.3125]
mean: 0.33125
==========classification_report==========
              precision    recall  f1-score   support

           N       0.38      0.09      0.14        90
           U       0.26      0.73      0.38        84
           P       0.56      0.25      0.35       146

    accuracy                           0.33       320
   macro avg       0.40      0.36      0.29       320
weighted avg       0.43      0.33      0.30       320

