==========train_acc==========
[0.6376953125, 0.6298828125, 0.685546875, 0.712890625, 0.599609375, 0.7109375, 0.6298828125, 0.623046875, 0.6142578125, 0.6728515625]
mean: 0.65166015625
==========test_acc==========
[0.62109375, 0.58984375, 0.5859375, 0.59765625, 0.52734375, 0.56640625, 0.5546875, 0.51953125, 0.6015625, 0.58203125]
mean: 0.574609375
==========classification_report==========
              precision    recall  f1-score   support

           N       0.52      0.35      0.42      1121
           P       0.60      0.75      0.66      1439

    accuracy                           0.57      2560
   macro avg       0.56      0.55      0.54      2560
weighted avg       0.56      0.57      0.56      2560

