==========train_acc==========
[0.7177734375, 0.7138671875, 0.763671875, 0.7041015625, 0.751953125, 0.6865234375, 0.697265625, 0.6953125, 0.693359375, 0.6904296875]
mean: 0.71142578125
==========test_acc==========
[0.63671875, 0.6171875, 0.5234375, 0.6171875, 0.5390625, 0.62890625, 0.60546875, 0.6484375, 0.64453125, 0.60546875]
mean: 0.606640625
==========classification_report==========
              precision    recall  f1-score   support

           N       0.56      0.52      0.54      1140
           P       0.64      0.67      0.66      1420

    accuracy                           0.61      2560
   macro avg       0.60      0.60      0.60      2560
weighted avg       0.60      0.61      0.60      2560

