==========train_acc==========
[0.5969551282051282, 0.624198717948718, 0.6073717948717948, 0.6362179487179487, 0.6121794871794872, 0.6402243589743589, 0.6169871794871795, 0.5969551282051282, 0.6153846153846154, 0.6153846153846154]
mean: 0.6161858974358975
==========test_acc==========
[0.46875, 0.5, 0.4375, 0.3125, 0.40625, 0.375, 0.5, 0.25, 0.34375, 0.375]
mean: 0.396875
==========classification_report==========
              precision    recall  f1-score   support

           N       0.35      0.21      0.27        98
           U       0.38      0.31      0.34        90
           P       0.42      0.59      0.49       132

    accuracy                           0.40       320
   macro avg       0.38      0.37      0.37       320
weighted avg       0.39      0.40      0.38       320

