==========train_acc==========
[0.6328125, 0.6015625, 0.6123046875, 0.6240234375, 0.6083984375, 0.5751953125, 0.576171875, 0.611328125, 0.6015625, 0.615234375]
mean: 0.605859375
==========test_acc==========
[0.38671875, 0.4296875, 0.37109375, 0.35546875, 0.37109375, 0.41796875, 0.41015625, 0.36328125, 0.40234375, 0.37109375]
mean: 0.387890625
==========classification_report==========
              precision    recall  f1-score   support

           N       0.55      0.11      0.18       704
           U       0.32      0.84      0.47       778
           P       0.65      0.24      0.35      1078

    accuracy                           0.39      2560
   macro avg       0.51      0.40      0.33      2560
weighted avg       0.52      0.39      0.34      2560

