==========train_acc==========
[0.328125, 0.328125, 0.5888671875, 0.328125, 0.494140625, 0.4765625, 0.3349609375, 0.5126953125, 0.5048828125, 0.318359375]
mean: 0.421484375
==========test_acc==========
[0.30078125, 0.3046875, 0.37890625, 0.33203125, 0.3515625, 0.3671875, 0.30078125, 0.3359375, 0.32421875, 0.30859375]
mean: 0.33046875
==========classification_report==========
              precision    recall  f1-score   support

           N       0.47      0.01      0.02       707
           U       0.32      0.97      0.48       782
           P       0.57      0.07      0.13      1071

    accuracy                           0.33      2560
   macro avg       0.45      0.35      0.21      2560
weighted avg       0.46      0.33      0.21      2560

