==========train_acc==========
[0.4189453125, 0.4033203125, 0.4033203125, 0.408203125, 0.408203125, 0.4169921875, 0.4091796875, 0.431640625, 0.4189453125, 0.439453125]
mean: 0.4158203125
==========test_acc==========
[0.31640625, 0.375, 0.29296875, 0.33984375, 0.33203125, 0.30078125, 0.3359375, 0.36328125, 0.32421875, 0.390625]
mean: 0.337109375
==========classification_report==========
              precision    recall  f1-score   support

           N       0.34      0.15      0.20       715
           U       0.30      0.77      0.44       760
           P       0.51      0.16      0.25      1085

    accuracy                           0.34      2560
   macro avg       0.39      0.36      0.30      2560
weighted avg       0.40      0.34      0.29      2560

