==========train_acc==========
[0.8466796875, 0.8564453125, 0.859375, 0.86328125, 0.865234375, 0.8359375, 0.8515625, 0.8427734375, 0.857421875, 0.8505859375]
mean: 0.8529296875
==========test_acc==========
[0.6328125, 0.66796875, 0.60546875, 0.62109375, 0.6171875, 0.68359375, 0.64453125, 0.671875, 0.68359375, 0.64453125]
mean: 0.647265625
==========classification_report==========
              precision    recall  f1-score   support

           N       0.65      0.48      0.55      1157
           P       0.65      0.79      0.71      1403

    accuracy                           0.65      2560
   macro avg       0.65      0.63      0.63      2560
weighted avg       0.65      0.65      0.64      2560

