==========train_acc==========
[0.6416015625, 0.65234375, 0.6142578125, 0.611328125, 0.6123046875, 0.640625, 0.6142578125, 0.6279296875, 0.630859375, 0.6220703125]
mean: 0.6267578125
==========test_acc==========
[0.4765625, 0.515625, 0.4765625, 0.46484375, 0.44140625, 0.46484375, 0.41796875, 0.4296875, 0.51953125, 0.47265625]
mean: 0.46796875
==========classification_report==========
              precision    recall  f1-score   support

           N       0.49      0.19      0.28       716
           U       0.41      0.21      0.28       742
           P       0.48      0.82      0.60      1102

    accuracy                           0.47      2560
   macro avg       0.46      0.41      0.39      2560
weighted avg       0.46      0.47      0.42      2560

