==========train_acc==========
[0.8870192307692307, 0.8790064102564102, 0.8830128205128205, 0.8637820512820513, 0.8782051282051282, 0.8621794871794872, 0.8661858974358975, 0.874198717948718, 0.8661858974358975, 0.8733974358974359]
mean: 0.8733173076923076
==========test_acc==========
[0.5, 0.5625, 0.65625, 0.75, 0.6875, 0.5625, 0.75, 0.59375, 0.71875, 0.71875]
mean: 0.65
==========classification_report==========
              precision    recall  f1-score   support

           N       0.63      0.52      0.57       143
           P       0.66      0.75      0.70       177

    accuracy                           0.65       320
   macro avg       0.65      0.64      0.64       320
weighted avg       0.65      0.65      0.65       320

