==========train_acc==========
[0.5224609375, 0.42578125, 0.513671875, 0.521484375, 0.533203125, 0.5244140625, 0.42578125, 0.4296875, 0.5224609375, 0.4306640625]
mean: 0.4849609375
==========test_acc==========
[0.47265625, 0.4296875, 0.4609375, 0.4453125, 0.43359375, 0.46875, 0.4296875, 0.4140625, 0.41015625, 0.41015625]
mean: 0.4375
==========classification_report==========
              precision    recall  f1-score   support

           N       0.43      0.11      0.17       741
           U       0.37      0.17      0.24       710
           P       0.45      0.83      0.58      1109

    accuracy                           0.44      2560
   macro avg       0.42      0.37      0.33      2560
weighted avg       0.42      0.44      0.37      2560

