==========train_acc==========
[0.7822265625, 0.7451171875, 0.78125, 0.7666015625, 0.78515625, 0.77734375, 0.7783203125, 0.7705078125, 0.77734375, 0.7802734375]
mean: 0.7744140625
==========test_acc==========
[0.61328125, 0.58203125, 0.60546875, 0.6171875, 0.59375, 0.62109375, 0.60546875, 0.63671875, 0.6171875, 0.67578125]
mean: 0.616796875
==========classification_report==========
              precision    recall  f1-score   support

           N       0.59      0.36      0.45      1103
           P       0.63      0.81      0.71      1457

    accuracy                           0.62      2560
   macro avg       0.61      0.59      0.58      2560
weighted avg       0.61      0.62      0.60      2560

