==========train_acc==========
[0.8701923076923077, 0.8621794871794872, 0.875, 0.8717948717948718, 0.8685897435897436, 0.8573717948717948, 0.8806089743589743, 0.8525641025641025, 0.8846153846153846, 0.8717948717948718]
mean: 0.8694711538461538
==========test_acc==========
[0.625, 0.6875, 0.625, 0.625, 0.5, 0.53125, 0.53125, 0.65625, 0.59375, 0.5]
mean: 0.5875
==========classification_report==========
              precision    recall  f1-score   support

           N       0.62      0.43      0.51       158
           P       0.57      0.74      0.65       162

    accuracy                           0.59       320
   macro avg       0.59      0.59      0.58       320
weighted avg       0.59      0.59      0.58       320

