==========train_acc==========
[0.8501602564102564, 0.8605769230769231, 0.8477564102564102, 0.8573717948717948, 0.8477564102564102, 0.8541666666666666, 0.8541666666666666, 0.8525641025641025, 0.8493589743589743, 0.8565705128205128]
mean: 0.8530448717948718
==========test_acc==========
[0.71875, 0.625, 0.78125, 0.65625, 0.65625, 0.75, 0.53125, 0.6875, 0.6875, 0.8125]
mean: 0.690625
==========classification_report==========
              precision    recall  f1-score   support

           N       0.65      0.64      0.65       141
           P       0.72      0.73      0.73       179

    accuracy                           0.69       320
   macro avg       0.69      0.69      0.69       320
weighted avg       0.69      0.69      0.69       320

