==========train_acc==========
[0.6435546875, 0.654296875, 0.662109375, 0.66015625, 0.6484375, 0.634765625, 0.638671875, 0.6484375, 0.63671875, 0.6484375]
mean: 0.64755859375
==========test_acc==========
[0.59765625, 0.546875, 0.58203125, 0.55859375, 0.5703125, 0.5546875, 0.5703125, 0.57421875, 0.56640625, 0.59375]
mean: 0.571484375
==========classification_report==========
              precision    recall  f1-score   support

           N       0.52      0.34      0.41      1124
           P       0.59      0.75      0.66      1436

    accuracy                           0.57      2560
   macro avg       0.56      0.55      0.54      2560
weighted avg       0.56      0.57      0.55      2560

