==========train_acc==========
[0.642578125, 0.5556640625, 0.6201171875, 0.5126953125, 0.580078125, 0.578125, 0.57421875, 0.6630859375, 0.630859375, 0.544921875]
mean: 0.590234375
==========test_acc==========
[0.4921875, 0.421875, 0.46875, 0.453125, 0.44921875, 0.43359375, 0.46484375, 0.5078125, 0.5234375, 0.4609375]
mean: 0.467578125
==========classification_report==========
              precision    recall  f1-score   support

           N       0.45      0.31      0.37       737
           U       0.41      0.33      0.37       748
           P       0.50      0.67      0.57      1075

    accuracy                           0.47      2560
   macro avg       0.45      0.44      0.44      2560
weighted avg       0.46      0.47      0.45      2560

