==========train_acc==========
[0.8301282051282052, 0.8165064102564102, 0.8020833333333334, 0.8197115384615384, 0.8253205128205128, 0.8052884615384616, 0.8213141025641025, 0.811698717948718, 0.8293269230769231, 0.8317307692307693]
mean: 0.8193108974358975
==========test_acc==========
[0.71875, 0.625, 0.625, 0.625, 0.75, 0.75, 0.65625, 0.65625, 0.65625, 0.65625]
mean: 0.671875
==========classification_report==========
              precision    recall  f1-score   support

           N       0.68      0.54      0.60       146
           P       0.67      0.78      0.72       174

    accuracy                           0.67       320
   macro avg       0.67      0.66      0.66       320
weighted avg       0.67      0.67      0.67       320

