==========train_acc==========
[0.6362179487179487, 0.6506410256410257, 0.6378205128205128, 0.6754807692307693, 0.6578525641025641, 0.6923076923076923, 0.7027243589743589, 0.6498397435897436, 0.7171474358974359, 0.6794871794871795]
mean: 0.6699519230769231
==========test_acc==========
[0.5625, 0.59375, 0.5625, 0.5, 0.5625, 0.5625, 0.65625, 0.625, 0.4375, 0.625]
mean: 0.56875
==========classification_report==========
              precision    recall  f1-score   support

           N       0.52      0.52      0.52       145
           P       0.61      0.61      0.61       175

    accuracy                           0.57       320
   macro avg       0.56      0.56      0.56       320
weighted avg       0.57      0.57      0.57       320

