==========train_acc==========
[0.7333984375, 0.7294921875, 0.7255859375, 0.7314453125, 0.7431640625, 0.7255859375, 0.7275390625, 0.7314453125, 0.7431640625, 0.734375]
mean: 0.73251953125
==========test_acc==========
[0.671875, 0.65234375, 0.66796875, 0.62890625, 0.6015625, 0.62890625, 0.625, 0.60546875, 0.66015625, 0.6484375]
mean: 0.6390625
==========classification_report==========
              precision    recall  f1-score   support

           N       0.59      0.52      0.55      1099
           P       0.67      0.73      0.70      1461

    accuracy                           0.64      2560
   macro avg       0.63      0.62      0.63      2560
weighted avg       0.64      0.64      0.64      2560

