==========train_acc==========
[0.6826923076923077, 0.7099358974358975, 0.6987179487179487, 0.7219551282051282, 0.7291666666666666, 0.6794871794871795, 0.6522435897435898, 0.7395833333333334, 0.6939102564102564, 0.6786858974358975]
mean: 0.6986378205128205
==========test_acc==========
[0.34375, 0.46875, 0.4375, 0.65625, 0.53125, 0.625, 0.3125, 0.375, 0.65625, 0.46875]
mean: 0.4875
==========classification_report==========
              precision    recall  f1-score   support

           N       0.42      0.53      0.47       135
           P       0.57      0.45      0.51       185

    accuracy                           0.49       320
   macro avg       0.49      0.49      0.49       320
weighted avg       0.51      0.49      0.49       320

