==========train_acc==========
[0.5869140625, 0.625, 0.5556640625, 0.58984375, 0.5615234375, 0.568359375, 0.6005859375, 0.607421875, 0.6337890625, 0.7021484375]
mean: 0.603125
==========test_acc==========
[0.609375, 0.546875, 0.59375, 0.546875, 0.55859375, 0.546875, 0.53125, 0.55859375, 0.5390625, 0.578125]
mean: 0.5609375
==========classification_report==========
              precision    recall  f1-score   support

           N       0.53      0.14      0.23      1142
           P       0.57      0.90      0.69      1418

    accuracy                           0.56      2560
   macro avg       0.55      0.52      0.46      2560
weighted avg       0.55      0.56      0.49      2560

