==========train_acc==========
[0.7836538461538461, 0.780448717948718, 0.7772435897435898, 0.7884615384615384, 0.7884615384615384, 0.7780448717948718, 0.7932692307692307, 0.7580128205128205, 0.7764423076923077, 0.7916666666666666]
mean: 0.7815705128205128
==========test_acc==========
[0.5625, 0.5, 0.375, 0.34375, 0.5625, 0.53125, 0.4375, 0.46875, 0.375, 0.5]
mean: 0.465625
==========classification_report==========
              precision    recall  f1-score   support

           N       0.46      0.33      0.38       101
           U       0.45      0.37      0.41        97
           P       0.47      0.66      0.55       122

    accuracy                           0.47       320
   macro avg       0.46      0.45      0.45       320
weighted avg       0.46      0.47      0.45       320

