==========train_acc==========
[0.525390625, 0.5166015625, 0.494140625, 0.5107421875, 0.505859375, 0.533203125, 0.5205078125, 0.5244140625, 0.515625, 0.5166015625]
mean: 0.51630859375
==========test_acc==========
[0.40625, 0.41796875, 0.453125, 0.3984375, 0.390625, 0.42578125, 0.421875, 0.41015625, 0.40234375, 0.3984375]
mean: 0.4125
==========classification_report==========
              precision    recall  f1-score   support

           N       0.49      0.17      0.25       686
           U       0.32      0.72      0.44       744
           P       0.63      0.36      0.46      1130

    accuracy                           0.41      2560
   macro avg       0.48      0.42      0.38      2560
weighted avg       0.50      0.41      0.40      2560

